
Exp1: regular 256x512-8-allZero
BER1 =

  1 至 15 列

    0.4118    0.3895    0.3680    0.3456    0.3213    0.2800    0.2515    0.2155    0.1888    0.1632    0.1368    0.1159    0.0909    0.0754    0.0574

  16 至 17 列

    0.0417    0.0293

BER2 =

  1 至 15 列

    0.1598    0.1440    0.1279    0.1109    0.0932    0.0726    0.0561    0.0435    0.0316    0.0273    0.0231    0.0199    0.0149    0.0126    0.0104

  16 至 17 列

    0.0064    0.0046

BER3 =

  1 至 14 列

    0.1598    0.1441    0.1282    0.1116    0.0956    0.0799    0.0677    0.0567    0.0468    0.0425    0.0360    0.0289    0.0218    0.0178

  15 至 17 列

    0.0138    0.0078    0.0061

BER4 =

  1 至 14 列

    0.2051    0.1924    0.1835    0.1672    0.1576    0.1456    0.1264    0.1092    0.0952    0.0789    0.0644    0.0494    0.0389    0.0282

  15 至 17 列

    0.0207    0.0135    0.0083

BER5 =

  1 至 14 列

    0.1657    0.1548    0.1376    0.1258    0.1121    0.0959    0.0839    0.0678    0.0527    0.0406    0.0319    0.0239    0.0177    0.0103

  15 至 17 列

    0.0056    0.0039    0.0021

BER6 =

  1 至 14 列

    0.1746    0.1608    0.1493    0.1301    0.1185    0.1027    0.0895    0.0761    0.0671    0.0534    0.0393    0.0296    0.0228    0.0167

  15 至 17 列

    0.0107    0.0065    0.0036

FER1 =

  1 至 14 列

    1.0000    1.0000    1.0000    1.0000    1.0000    1.0000    1.0000    1.0000    1.0000    1.0000    1.0000    1.0000    1.0000    1.0000

  15 至 17 列

    1.0000    0.9800    0.9600

FER2 =

  1 至 14 列

    1.0000    1.0000    1.0000    1.0000    1.0000    1.0000    1.0000    1.0000    0.9900    0.9800    0.9600    0.9300    0.9000    0.7700

  15 至 17 列

    0.7600    0.5700    0.3900

FER3 =

  1 至 14 列

    1.0000    1.0000    1.0000    1.0000    1.0000    1.0000    1.0000    1.0000    1.0000    1.0000    1.0000    0.9900    0.9700    0.8900

  15 至 17 列

    0.8100    0.6900    0.5400

FER4 =

  1 至 14 列

    1.0000    1.0000    1.0000    1.0000    1.0000    1.0000    1.0000    1.0000    1.0000    1.0000    1.0000    0.9900    0.9900    0.9700

  15 至 17 列

    0.9300    0.7200    0.5600

FER5 =

  1 至 14 列

    1.0000    1.0000    1.0000    1.0000    1.0000    1.0000    1.0000    1.0000    1.0000    1.0000    0.9900    0.9900    0.9700    0.8500

  15 至 17 列

    0.7200    0.5200    0.3700

FER6 =

  1 至 14 列

    1.0000    1.0000    1.0000    1.0000    1.0000    1.0000    1.0000    1.0000    1.0000    1.0000    1.0000    0.9800    0.9700    0.8500

  15 至 17 列

    0.7600    0.5900    0.4500




Exp2: irregular 256x512-8-allZero

>> BER1

BER1 =

  1 至 15 列

    0.5629    0.5546    0.5475    0.5486    0.5398    0.5382    0.5285    0.5269    0.5279    0.5150    0.4833    0.4389    0.3250    0.1281    0.0551

  16 至 17 列

    0.0198    0.0017

>> BER2

BER2 =

  1 至 15 列

    0.1301    0.1046    0.0707    0.0367    0.0116    0.0013         0         0         0         0         0         0         0         0         0

  16 至 17 列

         0         0

>> BER3

BER3 =

  1 至 14 列

    0.1301    0.1046    0.0707    0.0367    0.0116    0.0013         0         0         0         0         0         0         0         0

  15 至 17 列

         0         0         0

>> BER4

BER4 =

  1 至 14 列

    0.1667    0.1439    0.1150    0.0753    0.0358    0.0088    0.0004         0         0         0         0         0         0         0

  15 至 17 列

         0         0         0

>> BER5

BER5 =

  1 至 14 列

    0.1337    0.1091    0.0799    0.0493    0.0234    0.0068    0.0005         0         0         0         0         0         0         0

  15 至 17 列

         0         0         0

>> BER6

BER6 =

  1 至 14 列

    0.1359    0.1108    0.0775    0.0419    0.0145    0.0014         0         0         0         0         0         0         0         0

  15 至 17 列

         0         0         0

>> FER1

FER1 =

  1 至 14 列

    1.0000    1.0000    1.0000    1.0000    1.0000    1.0000    1.0000    1.0000    1.0000    1.0000    0.9800    0.9800    0.9500    0.8800

  15 至 17 列

    0.6700    0.4200    0.1800

>> FER2

FER2 =

  1 至 14 列

    1.0000    0.9900    0.9300    0.6800    0.3300    0.0800         0         0         0         0         0         0         0         0

  15 至 17 列

         0         0         0

>> FER3

FER3 =

  1 至 14 列

    1.0000    0.9900    0.9300    0.6800    0.3300    0.0800         0         0         0         0         0         0         0         0

  15 至 17 列

         0         0         0

>> FER4

FER4 =

  1 至 14 列

    0.9900    0.9900    0.9700    0.9000    0.5700    0.2400    0.0300         0         0         0         0         0         0         0

  15 至 17 列

         0         0         0

>> FER5

FER5 =

  1 至 14 列

    1.0000    0.9900    0.9900    0.9500    0.7000    0.3700    0.0600         0         0         0         0         0         0         0

  15 至 17 列

         0         0         0

>> FER6

FER6 =

  1 至 14 列

    0.9900    0.9900    0.9500    0.7600    0.3900    0.0800         0         0         0         0         0         0         0         0

  15 至 17 列

         0         0         0




Exp3: onlyBF irregular 256x512-8-allZero

BER1 =

  1 至 15 列

    0.5629    0.5546    0.5475    0.5486    0.5398    0.5382    0.5285    0.5269    0.5279    0.5150    0.4833    0.4389    0.3250    0.1281    0.0551

  16 至 17 列

    0.0198    0.0017

>> FER1

FER1 =

  1 至 15 列

    1.0000    1.0000    1.0000    1.0000    1.0000    1.0000    1.0000    1.0000    1.0000    1.0000    0.9800    0.9800    0.9500    0.8800    0.6700

  16 至 17 列

    0.4200    0.1800




Exp4: 前3个算法 irregular 256x512-8-allZero

>> BER1

BER1 =

  1 至 15 列

    0.5629    0.5546    0.5475    0.5486    0.5398    0.5382    0.5285    0.5269    0.5279    0.5150    0.4833    0.4389    0.3250    0.1281    0.0551

  16 至 17 列

    0.0198    0.0017

>> BER2

BER2 =

  1 至 15 列

    0.1301    0.1046    0.0707    0.0367    0.0116    0.0013         0         0         0         0         0         0         0         0         0

  16 至 17 列

         0         0

>> BER3

BER3 =

  1 至 14 列

    0.1301    0.1046    0.0707    0.0367    0.0116    0.0013         0         0         0         0         0         0         0         0

  15 至 17 列

         0         0         0

>> FER1

FER1 =

  1 至 14 列

    1.0000    1.0000    1.0000    1.0000    1.0000    1.0000    1.0000    1.0000    1.0000    1.0000    0.9800    0.9800    0.9500    0.8800

  15 至 17 列

    0.6700    0.4200    0.1800

>> FER2

FER2 =

  1 至 14 列

    1.0000    0.9900    0.9300    0.6800    0.3300    0.0800         0         0         0         0         0         0         0         0

  15 至 17 列

         0         0         0

>> FER3

FER3 =

  1 至 14 列

    1.0000    0.9900    0.9300    0.6800    0.3300    0.0800         0         0         0         0         0         0         0         0

  15 至 17 列

         0         0         0




Exp5: 前3个算法 regular 256x512-8-allZero

>> BER1

BER1 =

  1 至 15 列

    0.4118    0.3895    0.3680    0.3456    0.3213    0.2800    0.2515    0.2155    0.1888    0.1632    0.1368    0.1159    0.0909    0.0754    0.0574

  16 至 17 列

    0.0417    0.0293

>> BER2

BER2 =

  1 至 15 列

    0.1598    0.1440    0.1279    0.1109    0.0932    0.0726    0.0561    0.0435    0.0316    0.0273    0.0231    0.0199    0.0149    0.0126    0.0104

  16 至 17 列

    0.0064    0.0046

>> BER3

